0	4	7	17	6	6	18	6	9	11	5	17	10	3	8	3	0	5	12	8
10	7	5	17	17	6	5	14	9	19	6	10	13	7	14	10	13	0	17	18
13	16	4	8	17	3	13	17	2	19	4	0	7	16	5	7	4	10	3	10
8	14	9	12	16	9	12	4	2	8	10	12	12	13	10	9	18	7	0	16
4	9	4	5	11	2	19	18	12	9	14	3	11	12	8	4	2	5	3	9
11	1	3	9	14	14	3	2	12	16	13	6	6	13	12	19	6	17	17	1
17	10	3	1	5	0	8	10	10	17	10	16	4	12	6	8	11	16	12	7
8	9	12	4	16	10	5	13	0	14	17	18	12	8	5	4	8	19	11	17
8	0	18	1	11	12	5	19	16	1	8	18	14	11	12	14	7	8	11	15
8	5	0	7	11	5	5	13	18	17	14	10	0	18	17	17	10	10	1	12
8	14	8	17	13	5	7	3	13	3	16	5	15	13	18	9	12	0	2	19
19	1	17	9	10	15	2	3	9	9	14	12	3	19	15	19	14	12	19	12
8	19	18	7	0	6	19	8	10	1	16	18	0	0	4	6	18	19	2	7
6	7	8	10	13	17	2	8	9	8	13	9	19	0	13	10	16	18	7	0
9	12	12	10	9	13	19	12	17	14	0	5	7	0	15	8	10	18	16	1
5	0	18	2	10	2	16	9	11	2	10	12	17	17	13	8	14	13	5	12
17	0	9	10	8	9	11	16	18	16	13	5	7	12	0	11	9	1	7	9
5	8	8	17	3	12	19	11	10	7	4	6	16	9	12	1	18	9	19	19
10	17	14	4	6	17	0	3	17	17	19	4	13	12	0	15	13	4	7	0
6	7	18	10	1	1	17	6	13	1	13	9	16	18	2	11	12	15	2	11